   1.0656758940098357E-007   2.1313517880196713E-007   0.0000000000000000       0.33333414051620613       0.66666828103241227       0.49999999999999994        5.0366644727426664       -2.5183322363713332        0.0000000000000000        0.0000000000000000        4.3618654821297707        0.0000000000000000        0.0000000000000000        0.0000000000000000        7.5654543562031380        0.0000000000000000     
   0.0000000000000000        5.0362939523092590E-006   0.0000000000000000       -0.0000000000000000       -5.0362939523092590E-006  -0.0000000000000000       -1.5467667576413241E-002   2.0656574961839278E-018   0.0000000000000000       -8.9271403452407840E-003  -1.7854280690481571E-002   0.0000000000000000       -0.0000000000000000        0.0000000000000000        4.6139334938675738E-002   0.0000000000000000     
           2
           2
           0
  -111.52560440287435     
   0.0000000000000000        0.0000000000000000        0.0000000000000000        0.0000000000000000        0.0000000000000000        0.0000000000000000        0.0000000000000000        0.0000000000000000        0.0000000000000000        0.0000000000000000        0.0000000000000000        0.0000000000000000        0.0000000000000000        0.0000000000000000        0.0000000000000000        0.0000000000000000     
   0.0000000000000000        0.0000000000000000        0.0000000000000000        0.0000000000000000        0.0000000000000000        0.0000000000000000        0.0000000000000000        0.0000000000000000        0.0000000000000000        0.0000000000000000        0.0000000000000000        0.0000000000000000        0.0000000000000000        0.0000000000000000        0.0000000000000000        0.0000000000000000     
   5.1216921906852134E-002   2.5608460949759663E-002   0.0000000000000000        2.4442679565728479E-012   4.8885359131456958E-012  -2.9862294159859345E-021   7.0159763648450728E-007  -3.5079881824225364E-007   0.0000000000000000        0.0000000000000000        6.0674489284974541E-007   0.0000000000000000        0.0000000000000000        0.0000000000000000       -2.1183127908817253E-005   0.0000000000000000        2.5608460949759663E-002   5.1216921899519326E-002   0.0000000000000000        4.8885359131456958E-012   9.7770718262913916E-012  -5.9724588319718690E-021   1.4031952729690146E-006  -7.0159763648450728E-007   0.0000000000000000        0.0000000000000000        1.2134897856994908E-006   0.0000000000000000        0.0000000000000000        0.0000000000000000       -4.2366255817634505E-005   0.0000000000000000        0.0000000000000000        0.0000000000000000        1.5874632683621204E-002   0.0000000000000000        0.0000000000000000        0.0000000000000000        0.0000000000000000        0.0000000000000000        0.0000000000000000        0.0000000000000000        0.0000000000000000        0.0000000000000000        0.0000000000000000        0.0000000000000000        0.0000000000000000        0.0000000000000000        2.4442679565728479E-012   4.8885359131456958E-012   0.0000000000000000        5.1216921906852134E-002   2.5608460949759663E-002   2.9862294210277460E-021  -7.0159763347036182E-007   3.5079881673518091E-007   0.0000000000000000        0.0000000000000000       -6.0674489023808111E-007   0.0000000000000000        0.0000000000000000        0.0000000000000000        2.1183127943387008E-005   0.0000000000000000        4.8885359131456958E-012   9.7770718262913916E-012   0.0000000000000000        2.5608460949759663E-002   5.1216921899519326E-002   5.9724588420554920E-021  -1.4031952669407236E-006   7.0159763347036182E-007   0.0000000000000000        0.0000000000000000       -1.2134897804761622E-006   0.0000000000000000        0.0000000000000000        0.0000000000000000        4.2366255886774017E-005   0.0000000000000000       -2.9862294159859345E-021  -5.9724588319718690E-021   0.0000000000000000        2.9862294210277460E-021   5.9724588420554920E-021   1.5874632683621204E-002   2.2563774954030845E-015  -1.1281887477015421E-015   0.0000000000000000        0.0000000000000000        1.9550820144291671E-015   0.0000000000000000        0.0000000000000000        0.0000000000000000        2.5878788364380806E-014   0.0000000000000000        7.0159763648450728E-007   1.4031952729690146E-006   0.0000000000000000       -7.0159763347036182E-007  -1.4031952669407236E-006   2.2563774954030845E-015   3.6995263965272209       -1.8497631982636100        0.0000000000000000        0.0000000000000000        5.4651427989412624E-002   0.0000000000000000        0.0000000000000000        0.0000000000000000        15.837234854487908        0.0000000000000000       -3.5079881824225364E-007  -7.0159763648450728E-007   0.0000000000000000        3.5079881673518091E-007   7.0159763347036182E-007  -1.1281887477015421E-015  -1.8497631982636100        3.6527441452377190        0.0000000000000000        0.0000000000000000       -2.7325713994706312E-002   0.0000000000000000        0.0000000000000000        0.0000000000000000       -7.9186174272439533        0.0000000000000000        0.0000000000000000        0.0000000000000000        0.0000000000000000        0.0000000000000000        0.0000000000000000        0.0000000000000000        0.0000000000000000        0.0000000000000000        8.8010050870248406        0.0000000000000000        0.0000000000000000        0.0000000000000000        0.0000000000000000        0.0000000000000000        0.0000000000000000        0.0000000000000000        0.0000000000000000        0.0000000000000000        0.0000000000000000        0.0000000000000000        0.0000000000000000        0.0000000000000000        0.0000000000000000        0.0000000000000000        0.0000000000000000        3.6371500614745522       -1.8185750307372761        0.0000000000000000        0.0000000000000000        0.0000000000000000        0.0000000000000000        0.0000000000000000        6.0674489284974541E-007   1.2134897856994908E-006   0.0000000000000000       -6.0674489023808111E-007  -1.2134897804761622E-006   1.9550820144291671E-015   5.4651427989412624E-002  -2.7325713994706312E-002   0.0000000000000000       -1.8185750307372761        3.6850271252170286        0.0000000000000000        0.0000000000000000        0.0000000000000000        13.722307145046319        0.0000000000000000        0.0000000000000000        0.0000000000000000        0.0000000000000000        0.0000000000000000        0.0000000000000000        0.0000000000000000        0.0000000000000000        0.0000000000000000        0.0000000000000000        0.0000000000000000        0.0000000000000000        8.8010050870248406        0.0000000000000000        0.0000000000000000        0.0000000000000000        0.0000000000000000        0.0000000000000000        0.0000000000000000        0.0000000000000000        0.0000000000000000        0.0000000000000000        0.0000000000000000        0.0000000000000000        0.0000000000000000        0.0000000000000000        0.0000000000000000        0.0000000000000000        0.0000000000000000        3.6371500614745522       -1.8185750307372761        0.0000000000000000        0.0000000000000000        0.0000000000000000        0.0000000000000000        0.0000000000000000        0.0000000000000000        0.0000000000000000        0.0000000000000000        0.0000000000000000        0.0000000000000000        0.0000000000000000        0.0000000000000000        0.0000000000000000        0.0000000000000000       -1.8185750307372761        3.6371500614745522        0.0000000000000000        0.0000000000000000       -2.1183127908817253E-005  -4.2366255817634505E-005   0.0000000000000000        2.1183127943387008E-005   4.2366255886774017E-005   2.5878788364380806E-014   15.837234854487908       -7.9186174272439533        0.0000000000000000        0.0000000000000000        13.722307145046319        0.0000000000000000        0.0000000000000000        0.0000000000000000        186.13767024754199        0.0000000000000000        0.0000000000000000        0.0000000000000000        0.0000000000000000        0.0000000000000000        0.0000000000000000        0.0000000000000000        0.0000000000000000        0.0000000000000000        0.0000000000000000        0.0000000000000000        0.0000000000000000        0.0000000000000000        0.0000000000000000        0.0000000000000000        0.0000000000000000        1.0000000000000000     
           0
   2.7600316560215461     
